
solvent = water.xyz
solute = calc.xyz
temperature = 298.15
pressure = 1 # pressure in bar
#concentration = 5.6E-6
#concentration = 5.5E-3
#concentration = 2.24E-4
concentration = 1
symmetry = 6
symmetry_solvent = 2
nu0 = 100
nu0_t = 100
nu0_r = 100
freq_file = g98.out
interpolate_Sr = True
linear = false # if the solute molecule is linear

omega = 0.344 #water
#omega = 0.212 #test
#omega = 0.089 #ethylene
#omega = 0.229 # iodine 
#omega = 0.212 # cyclohexane

area_solute =  387.1853913181451
vol_solute =  100.72204384036915
area_solvent =  42.04307436665825
vol_solvent =  15.24126833448023
sasa_solvent =  49.650340896390425
sasa_solute =  614.849883892128

dipole_solute = 0
dipole_solvent = 2.217
epsilon_r = 78.54
rho_solvent = 1.0
alpha = 207E-6
sigma_0 = 72.8E-3
dsigma_dt = -0.1514E-3
T_c = 647
dipole_file = calc.log
dipole_file_solvent = cyclohexane.log
MBB_Solute =  239.73504190625485
MBB_Solvent =  71.07776112016799
MBB_Solute =  239.73504190625485
MBB_Solvent =  71.07776112016799
